#include <8051.h>

void main()
/*{
	unsigned int sin_value[43] = {255, 240,230,220,210,200,190,180,170,
								  	   160,165,170,175,180,185,190,190,
								  	   191,191,191,191,191,191,191,191,
								  	   128,128,128,128,128,128,128,128,
								  	   128,128,128,128,128,128,128,128,
							      	          							128,128};
164,168,172,176,180,184,188,192,
*/
{
	unsigned int sin_value[43] = {128, 255,244,232,220,208,196,184,172,
								  	   164,168,172,176,180,184,188,192,
								  	   192,192,192,192,192,192,192,192,
								  	   128,128,128,128,128,128,128,128,
								  	   128,128,128,128,128,128,128,128,
							      	          							128,128};

	int i;

	while(1){
		for(i = 0; i < 43; i++){
			P2 = sin_value[i];
		}
	}
}